  0.0000000E+00  3.4906585E-01  1.0000000E+00  1.0000000E+00  1.0000000E+00  1.6399707E-24
  1.3688594E-02  3.5150931E-01  9.6004453E-01  1.0000000E+00  9.2168550E-01  1.7342668E-24
  2.7459739E-02  3.5395277E-01  9.2195982E-01  1.0000000E+00  8.5000990E-01  1.8332779E-24
  4.1313174E-02  3.5639623E-01  8.8564589E-01  1.0000000E+00  7.8436865E-01  1.9372052E-24
  5.5248640E-02  3.5883969E-01  8.5100879E-01  1.0000000E+00  7.2421596E-01  2.0462566E-24
  6.9265876E-02  3.6128316E-01  8.1796011E-01  1.0000000E+00  6.6905875E-01  2.1606477E-24
  8.3364617E-02  3.6372662E-01  7.8641671E-01  1.0000000E+00  6.1845124E-01  2.2806015E-24
  9.7544599E-02  3.6617008E-01  7.5630028E-01  1.0000000E+00  5.7199011E-01  2.4063485E-24
  1.1180556E-01  3.6861354E-01  7.2753712E-01  1.0000000E+00  5.2931026E-01  2.5381276E-24
  1.2614722E-01  3.7105700E-01  7.0005778E-01  1.0000000E+00  4.9008089E-01  2.6761854E-24
  1.4056933E-01  3.7350046E-01  6.7379680E-01  1.0000000E+00  4.5400213E-01  2.8207773E-24
  1.5507160E-01  3.7594392E-01  6.4869247E-01  1.0000000E+00  4.2080193E-01  2.9721669E-24
  1.6965377E-01  3.7838738E-01  6.2468660E-01  1.0000000E+00  3.9023335E-01  3.1306271E-24
  1.8431557E-01  3.8083084E-01  6.0172426E-01  1.0000000E+00  3.6207209E-01  3.2964395E-24
  1.9905671E-01  3.8327430E-01  5.7975361E-01  1.0000000E+00  3.3611425E-01  3.4698954E-24
  2.1387694E-01  3.8571776E-01  5.5872571E-01  1.0000000E+00  3.1217442E-01  3.6512952E-24
  2.2877596E-01  3.8816123E-01  5.3859431E-01  1.0000000E+00  2.9008383E-01  3.8409497E-24
  2.4375350E-01  3.9060469E-01  5.1931571E-01  1.0000000E+00  2.6968881E-01  4.0391794E-24
  2.5880928E-01  3.9304815E-01  5.0084862E-01  1.0000000E+00  2.5084934E-01  4.2463153E-24
  2.7394302E-01  3.9549161E-01  4.8315397E-01  1.0000000E+00  2.3343776E-01  4.4626989E-24
  2.8915444E-01  3.9793507E-01  4.6619482E-01  1.0000000E+00  2.1733761E-01  4.6886828E-24
  3.0444325E-01  4.0037853E-01  4.4993619E-01  1.0000000E+00  2.0244258E-01  4.9246307E-24
  3.1980917E-01  4.0282199E-01  4.3434499E-01  1.0000000E+00  1.8865557E-01  5.1709176E-24
  3.3525192E-01  4.0526545E-01  4.1938987E-01  1.0000000E+00  1.7588786E-01  5.4279305E-24
  3.5077120E-01  4.0770891E-01  4.0504114E-01  1.0000000E+00  1.6405833E-01  5.6960683E-24
  3.6636674E-01  4.1015237E-01  3.9127066E-01  1.0000000E+00  1.5309273E-01  5.9757424E-24
  3.8203823E-01  4.1259584E-01  3.7805177E-01  1.0000000E+00  1.4292314E-01  6.2673766E-24
  3.9778539E-01  4.1503930E-01  3.6535917E-01  1.0000000E+00  1.3348733E-01  6.5714079E-24
  4.1360792E-01  4.1748276E-01  3.5316889E-01  1.0000000E+00  1.2472826E-01  6.8882864E-24
  4.2950554E-01  4.1992622E-01  3.4145815E-01  1.0000000E+00  1.1659367E-01  7.2184761E-24
  4.4547794E-01  4.2236968E-01  3.3020536E-01  1.0000000E+00  1.0903558E-01  7.5624546E-24
  4.6152484E-01  4.2481314E-01  3.1939001E-01  1.0000000E+00  1.0200998E-01  7.9207141E-24
  4.7764593E-01  4.2725660E-01  3.0899262E-01  1.0000000E+00  9.5476441E-02  8.2937612E-24
  4.9384092E-01  4.2970006E-01  2.9899470E-01  1.0000000E+00  8.9397832E-02  8.6821176E-24
  5.1010950E-01  4.3214352E-01  2.8937866E-01  1.0000000E+00  8.3740011E-02  9.0863202E-24
  5.2645139E-01  4.3458698E-01  2.8012779E-01  1.0000000E+00  7.8471581E-02  9.5069218E-24
  5.4286627E-01  4.3703044E-01  2.7122620E-01  1.0000000E+00  7.3563654E-02  9.9444911E-24
  5.5935384E-01  4.3947391E-01  2.6265878E-01  1.0000000E+00  6.8989636E-02  1.0399613E-23
  5.7591380E-01  4.4191737E-01  2.5441115E-01  1.0000000E+00  6.4725032E-02  1.0872891E-23
  5.9254584E-01  4.4436083E-01  2.4646962E-01  1.0000000E+00  6.0747273E-02  1.1364942E-23
  6.0924966E-01  4.4680429E-01  2.3882117E-01  1.0000000E+00  5.7035552E-02  1.1876404E-23
  6.2602495E-01  4.4924775E-01  2.3145340E-01  1.0000000E+00  5.3570678E-02  1.2407933E-23
  6.4287140E-01  4.5169121E-01  2.2435450E-01  1.0000000E+00  5.0334943E-02  1.2960200E-23
  6.5978870E-01  4.5413467E-01  2.1751322E-01  1.0000000E+00  4.7312000E-02  1.3533899E-23
  6.7677655E-01  4.5657813E-01  2.1091882E-01  1.0000000E+00  4.4486750E-02  1.4129741E-23
  6.9383462E-01  4.5902159E-01  2.0456110E-01  1.0000000E+00  4.1845244E-02  1.4748456E-23
  7.1096262E-01  4.6146505E-01  1.9843030E-01  1.0000000E+00  3.9374586E-02  1.5390797E-23
  7.2816021E-01  4.6390852E-01  1.9251714E-01  1.0000000E+00  3.7062849E-02  1.6057535E-23
  7.4542709E-01  4.6635198E-01  1.8681274E-01  1.0000000E+00  3.4899000E-02  1.6749463E-23
  7.6276295E-01  4.6879544E-01  1.8130865E-01  1.0000000E+00  3.2872825E-02  1.7467395E-23
  7.8016746E-01  4.7123890E-01  1.7599679E-01  1.0000000E+00  3.0974869E-02  1.8212168E-23
  7.9764031E-01  4.7368236E-01  1.7086945E-01  1.0000000E+00  2.9196369E-02  1.8984640E-23
  8.1518118E-01  4.7612582E-01  1.6591928E-01  1.0000000E+00  2.7529208E-02  1.9785694E-23
  8.3278974E-01  4.7856928E-01  1.6113925E-01  1.0000000E+00  2.5965857E-02  2.0616235E-23
  8.5046568E-01  4.8101274E-01  1.5652263E-01  1.0000000E+00  2.4499334E-02  2.1477191E-23
  8.6820868E-01  4.8345620E-01  1.5206302E-01  1.0000000E+00  2.3123162E-02  2.2369518E-23
  8.8601841E-01  4.8589966E-01  1.4775427E-01  1.0000000E+00  2.1831326E-02  2.3294192E-23
  9.0389455E-01  4.8834312E-01  1.4359054E-01  1.0000000E+00  2.0618242E-02  2.4252220E-23
  9.2183677E-01  4.9078659E-01  1.3956619E-01  1.0000000E+00  1.9478723E-02  2.5244630E-23
  9.3984476E-01  4.9323005E-01  1.3567589E-01  1.0000000E+00  1.8407946E-02  2.6272479E-23
  9.5791817E-01  4.9567351E-01  1.3191448E-01  1.0000000E+00  1.7401431E-02  2.7336852E-23
  9.7605668E-01  4.9811697E-01  1.2827707E-01  1.0000000E+00  1.6455008E-02  2.8438861E-23
  9.9425997E-01  5.0056043E-01  1.2475896E-01  1.0000000E+00  1.5564798E-02  2.9579645E-23
  1.0125277E+00  5.0300389E-01  1.2135564E-01  1.0000000E+00  1.4727191E-02  3.0760373E-23
  1.0308596E+00  5.0544735E-01  1.1806281E-01  1.0000000E+00  1.3938827E-02  3.1982244E-23
  1.0492552E+00  5.0789081E-01  1.1487634E-01  1.0000000E+00  1.3196573E-02  3.3246486E-23
  1.0677143E+00  5.1033427E-01  1.1179228E-01  1.0000000E+00  1.2497515E-02  3.4554358E-23
  1.0862365E+00  5.1277773E-01  1.0880685E-01  1.0000000E+00  1.1838931E-02  3.5907151E-23
  1.1048215E+00  5.1522120E-01  1.0591641E-01  1.0000000E+00  1.1218287E-02  3.7306187E-23
  1.1234689E+00  5.1766466E-01  1.0311750E-01  1.0000000E+00  1.0633218E-02  3.8752821E-23
  1.1421785E+00  5.2010812E-01  1.0040676E-01  1.0000000E+00  1.0081518E-02  4.0248441E-23
  1.1609498E+00  5.2255158E-01  9.7781010E-02  1.0000000E+00  9.5611260E-03  4.1794470E-23
  1.1797826E+00  5.2499504E-01  9.5237178E-02  1.0000000E+00  9.0701200E-03  4.3392363E-23
  1.1986765E+00  5.2743850E-01  9.2772320E-02  1.0000000E+00  8.6067034E-03  4.5043614E-23
  1.2176311E+00  5.2988196E-01  9.0383615E-02  1.0000000E+00  8.1691979E-03  4.6749749E-23
  1.2366462E+00  5.3232542E-01  8.8068353E-02  1.0000000E+00  7.7560348E-03  4.8512334E-23
  1.2557213E+00  5.3476888E-01  8.5823932E-02  1.0000000E+00  7.3657474E-03  5.0332969E-23
  1.2748562E+00  5.3721234E-01  8.3647857E-02  1.0000000E+00  6.9969640E-03  5.2213296E-23
  1.2940505E+00  5.3965580E-01  8.1537729E-02  1.0000000E+00  6.6484013E-03  5.4154992E-23
  1.3133039E+00  5.4209927E-01  7.9491246E-02  1.0000000E+00  6.3188581E-03  5.6159777E-23
  1.3326160E+00  5.4454273E-01  7.7506195E-02  1.0000000E+00  6.0072102E-03  5.8229408E-23
  1.3519864E+00  5.4698619E-01  7.5580450E-02  1.0000000E+00  5.7124045E-03  6.0365685E-23
  1.3714149E+00  5.4942965E-01  7.3711971E-02  1.0000000E+00  5.4334546E-03  6.2570451E-23
  1.3909011E+00  5.5187311E-01  7.1898792E-02  1.0000000E+00  5.1694363E-03  6.4845589E-23
  1.4104445E+00  5.5431657E-01  7.0139028E-02  1.0000000E+00  4.9194833E-03  6.7193027E-23
  1.4300450E+00  5.5676003E-01  6.8430864E-02  1.0000000E+00  4.6827831E-03  6.9614737E-23
  1.4497021E+00  5.5920349E-01  6.6772554E-02  1.0000000E+00  4.4585739E-03  7.2112736E-23
  1.4694156E+00  5.6164695E-01  6.5162420E-02  1.0000000E+00  4.2461410E-03  7.4689088E-23
  1.4891849E+00  5.6409041E-01  6.3598848E-02  1.0000000E+00  4.0448134E-03  7.7345901E-23
  1.5090099E+00  5.6653388E-01  6.2080284E-02  1.0000000E+00  3.8539616E-03  8.0085334E-23
  1.5288901E+00  5.6897734E-01  6.0605233E-02  1.0000000E+00  3.6729942E-03  8.2909593E-23
  1.5488252E+00  5.7142080E-01  5.9172256E-02  1.0000000E+00  3.5013559E-03  8.5820933E-23
  1.5688148E+00  5.7386426E-01  5.7779968E-02  1.0000000E+00  3.3385247E-03  8.8821660E-23
  1.5888586E+00  5.7630772E-01  5.6427035E-02  1.0000000E+00  3.1840102E-03  9.1914131E-23
  1.6089563E+00  5.7875118E-01  5.5112172E-02  1.0000000E+00  3.0373515E-03  9.5100755E-23
  1.6291075E+00  5.8119464E-01  5.3834143E-02  1.0000000E+00  2.8981150E-03  9.8383995E-23
  1.6493117E+00  5.8363810E-01  5.2591756E-02  1.0000000E+00  2.7658928E-03  1.0176637E-22
  1.6695688E+00  5.8608156E-01  5.1383863E-02  1.0000000E+00  2.6403014E-03  1.0525044E-22
  1.6898783E+00  5.8852502E-01  5.0209358E-02  1.0000000E+00  2.5209796E-03  1.0883885E-22
  1.7102399E+00  5.9096848E-01  4.9067173E-02  1.0000000E+00  2.4075875E-03  1.1253427E-22
  1.7306531E+00  5.9341195E-01  4.7956282E-02  1.0000000E+00  2.2998050E-03  1.1633945E-22
  1.7511178E+00  5.9585541E-01  4.6875693E-02  1.0000000E+00  2.1973306E-03  1.2025719E-22
  1.7716334E+00  5.9829887E-01  4.5824452E-02  1.0000000E+00  2.0998804E-03  1.2429035E-22
  1.7921997E+00  6.0074233E-01  4.4801636E-02  1.0000000E+00  2.0071866E-03  1.2844186E-22
  1.8128162E+00  6.0318579E-01  4.3806357E-02  1.0000000E+00  1.9189969E-03  1.3271469E-22
  1.8334827E+00  6.0562925E-01  4.2837758E-02  1.0000000E+00  1.8350735E-03  1.3711190E-22
  1.8541988E+00  6.0807271E-01  4.1895012E-02  1.0000000E+00  1.7551920E-03  1.4163660E-22
  1.8749641E+00  6.1051617E-01  4.0977320E-02  1.0000000E+00  1.6791407E-03  1.4629197E-22
  1.8957782E+00  6.1295963E-01  4.0083912E-02  1.0000000E+00  1.6067200E-03  1.5108125E-22
  1.9166408E+00  6.1540309E-01  3.9214045E-02  1.0000000E+00  1.5377413E-03  1.5600775E-22
  1.9375515E+00  6.1784656E-01  3.8367001E-02  1.0000000E+00  1.4720267E-03  1.6107486E-22
  1.9585101E+00  6.2029002E-01  3.7542086E-02  1.0000000E+00  1.4094083E-03  1.6628603E-22
  1.9795160E+00  6.2273348E-01  3.6738633E-02  1.0000000E+00  1.3497271E-03  1.7164477E-22
  2.0005690E+00  6.2517694E-01  3.5955994E-02  1.0000000E+00  1.2928335E-03  1.7715469E-22
  2.0216686E+00  6.2762040E-01  3.5193545E-02  1.0000000E+00  1.2385856E-03  1.8281945E-22
  2.0428146E+00  6.3006386E-01  3.4450682E-02  1.0000000E+00  1.1868495E-03  1.8864279E-22
  2.0640066E+00  6.3250732E-01  3.3726824E-02  1.0000000E+00  1.1374987E-03  1.9462854E-22
  2.0852441E+00  6.3495078E-01  3.3021407E-02  1.0000000E+00  1.0904133E-03  2.0078059E-22
  2.1065269E+00  6.3739424E-01  3.2333887E-02  1.0000000E+00  1.0454803E-03  2.0710292E-22
  2.1278546E+00  6.3983770E-01  3.1663738E-02  1.0000000E+00  1.0025923E-03  2.1359957E-22
  2.1492268E+00  6.4228116E-01  3.1010450E-02  1.0000000E+00  9.6164803E-04  2.2027470E-22
  2.1706431E+00  6.4472463E-01  3.0373533E-02  1.0000000E+00  9.2255153E-04  2.2713251E-22
  2.1921032E+00  6.4716809E-01  2.9752511E-02  1.0000000E+00  8.8521193E-04  2.3417731E-22
  2.2136068E+00  6.4961155E-01  2.9146924E-02  1.0000000E+00  8.4954319E-04  2.4141348E-22
  2.2351533E+00  6.5205501E-01  2.8556327E-02  1.0000000E+00  8.1546384E-04  2.4884551E-22
  2.2567426E+00  6.5449847E-01  2.7980291E-02  1.0000000E+00  7.8289667E-04  2.5647795E-22
  2.2783742E+00  6.5694193E-01  2.7418398E-02  1.0000000E+00  7.5176852E-04  2.6431546E-22
  2.3000478E+00  6.5938539E-01  2.6870245E-02  1.0000000E+00  7.2201008E-04  2.7236278E-22
  2.3217630E+00  6.6182885E-01  2.6335444E-02  1.0000000E+00  6.9355561E-04  2.8062474E-22
  2.3435194E+00  6.6427231E-01  2.5813617E-02  1.0000000E+00  6.6634280E-04  2.8910627E-22
  2.3653166E+00  6.6671577E-01  2.5304398E-02  1.0000000E+00  6.4031253E-04  2.9781240E-22
  2.3871544E+00  6.6915924E-01  2.4807433E-02  1.0000000E+00  6.1540875E-04  3.0674825E-22
  2.4090323E+00  6.7160270E-01  2.4322382E-02  1.0000000E+00  5.9157826E-04  3.1591903E-22
  2.4309500E+00  6.7404616E-01  2.3848912E-02  1.0000000E+00  5.6877058E-04  3.2533006E-22
  2.4529070E+00  6.7648962E-01  2.3386701E-02  1.0000000E+00  5.4693779E-04  3.3498677E-22
  2.4749031E+00  6.7893308E-01  2.2935440E-02  1.0000000E+00  5.2603440E-04  3.4489467E-22
  2.4969379E+00  6.8137654E-01  2.2494826E-02  1.0000000E+00  5.0601721E-04  3.5505939E-22
  2.5190110E+00  6.8382000E-01  2.2064569E-02  1.0000000E+00  4.8684520E-04  3.6548667E-22
  2.5411220E+00  6.8626346E-01  2.1644385E-02  1.0000000E+00  4.6847938E-04  3.7618234E-22
  2.5632706E+00  6.8870692E-01  2.1233999E-02  1.0000000E+00  4.5088273E-04  3.8715236E-22
  2.5854564E+00  6.9115038E-01  2.0833148E-02  1.0000000E+00  4.3402005E-04  3.9840278E-22
  2.6076790E+00  6.9359384E-01  2.0441573E-02  1.0000000E+00  4.1785789E-04  4.0993977E-22
  2.6299381E+00  6.9603731E-01  2.0059024E-02  1.0000000E+00  4.0236445E-04  4.2176963E-22
  2.6522333E+00  6.9848077E-01  1.9685260E-02  1.0000000E+00  3.8750947E-04  4.3389875E-22
  2.6745643E+00  7.0092423E-01  1.9320047E-02  1.0000000E+00  3.7326421E-04  4.4633366E-22
  2.6969306E+00  7.0336769E-01  1.8963156E-02  1.0000000E+00  3.5960128E-04  4.5908099E-22
  2.7193319E+00  7.0581115E-01  1.8614367E-02  1.0000000E+00  3.4649467E-04  4.7214750E-22
  2.7417679E+00  7.0825461E-01  1.8273467E-02  1.0000000E+00  3.3391960E-04  4.8554009E-22
  2.7642381E+00  7.1069807E-01  1.7940247E-02  1.0000000E+00  3.2185247E-04  4.9926574E-22
  2.7867423E+00  7.1314153E-01  1.7614507E-02  1.0000000E+00  3.1027085E-04  5.1333161E-22
  2.8092800E+00  7.1558499E-01  1.7296050E-02  1.0000000E+00  2.9915336E-04  5.2774495E-22
  2.8318509E+00  7.1802845E-01  1.6984688E-02  1.0000000E+00  2.8847964E-04  5.4251316E-22
  2.8544545E+00  7.2047192E-01  1.6680237E-02  1.0000000E+00  2.7823030E-04  5.5764375E-22
  2.8770907E+00  7.2291538E-01  1.6382517E-02  1.0000000E+00  2.6838687E-04  5.7314439E-22
  2.8997589E+00  7.2535884E-01  1.6091356E-02  1.0000000E+00  2.5893174E-04  5.8902288E-22
  2.9224588E+00  7.2780230E-01  1.5806585E-02  1.0000000E+00  2.4984814E-04  6.0528713E-22
  2.9451901E+00  7.3024576E-01  1.5528041E-02  1.0000000E+00  2.4112007E-04  6.2194522E-22
  2.9679523E+00  7.3268922E-01  1.5255566E-02  1.0000000E+00  2.3273229E-04  6.3900537E-22
  2.9907452E+00  7.3513268E-01  1.4989005E-02  1.0000000E+00  2.2467027E-04  6.5647593E-22
  3.0135683E+00  7.3757614E-01  1.4728209E-02  1.0000000E+00  2.1692013E-04  6.7436540E-22
  3.0364213E+00  7.4001960E-01  1.4473032E-02  1.0000000E+00  2.0946865E-04  6.9268243E-22
  3.0593039E+00  7.4246306E-01  1.4223333E-02  1.0000000E+00  2.0230321E-04  7.1143582E-22
  3.0822156E+00  7.4490652E-01  1.3978976E-02  1.0000000E+00  1.9541178E-04  7.3063451E-22
  3.1051561E+00  7.4734999E-01  1.3739827E-02  1.0000000E+00  1.8878285E-04  7.5028761E-22
  3.1281250E+00  7.4979345E-01  1.3505757E-02  1.0000000E+00  1.8240547E-04  7.7040437E-22
  3.1511221E+00  7.5223691E-01  1.3276640E-02  1.0000000E+00  1.7626916E-04  7.9099422E-22
  3.1741468E+00  7.5468037E-01  1.3052353E-02  1.0000000E+00  1.7036392E-04  8.1206672E-22
  3.1971989E+00  7.5712383E-01  1.2832778E-02  1.0000000E+00  1.6468019E-04  8.3363161E-22
  3.2202779E+00  7.5956729E-01  1.2617800E-02  1.0000000E+00  1.5920887E-04  8.5569880E-22
  3.2433836E+00  7.6201075E-01  1.2407306E-02  1.0000000E+00  1.5394123E-04  8.7827834E-22
  3.2665156E+00  7.6445421E-01  1.2201187E-02  1.0000000E+00  1.4886895E-04  9.0138048E-22
  3.2896734E+00  7.6689767E-01  1.1999336E-02  1.0000000E+00  1.4398408E-04  9.2501561E-22
  3.3128568E+00  7.6934113E-01  1.1801652E-02  1.0000000E+00  1.3927899E-04  9.4919433E-22
  3.3360654E+00  7.7178460E-01  1.1608033E-02  1.0000000E+00  1.3474643E-04  9.7392736E-22
  3.3592988E+00  7.7422806E-01  1.1418382E-02  1.0000000E+00  1.3037945E-04  9.9922566E-22
  3.3825567E+00  7.7667152E-01  1.1232604E-02  1.0000000E+00  1.2617138E-04  1.0251003E-21
  3.4058386E+00  7.7911498E-01  1.1050606E-02  1.0000000E+00  1.2211589E-04  1.0515626E-21
  3.4291443E+00  7.8155844E-01  1.0872299E-02  1.0000000E+00  1.1820688E-04  1.0786241E-21
  3.4524734E+00  7.8400190E-01  1.0697595E-02  1.0000000E+00  1.1443854E-04  1.1062963E-21
  3.4758256E+00  7.8644536E-01  1.0526409E-02  1.0000000E+00  1.1080529E-04  1.1345911E-21
  3.4992003E+00  7.8888882E-01  1.0358659E-02  1.0000000E+00  1.0730182E-04  1.1635206E-21
  3.5225975E+00  7.9133228E-01  1.0194264E-02  1.0000000E+00  1.0392302E-04  1.1930970E-21
  3.5460165E+00  7.9377574E-01  1.0033145E-02  1.0000000E+00  1.0066400E-04  1.2233328E-21
  3.5694572E+00  7.9621920E-01  9.8752268E-03  1.0000000E+00  9.7520104E-05  1.2542404E-21
  3.5929192E+00  7.9866267E-01  9.7204342E-03  1.0000000E+00  9.4486840E-05  1.2858329E-21
  3.6164020E+00  8.0110613E-01  9.5686951E-03  1.0000000E+00  9.1559926E-05  1.3181231E-21
  3.6399053E+00  8.0354959E-01  9.4199392E-03  1.0000000E+00  8.8735255E-05  1.3511243E-21
  3.6634289E+00  8.0599305E-01  9.2740979E-03  1.0000000E+00  8.6008892E-05  1.3848499E-21
  3.6869723E+00  8.0843651E-01  9.1311045E-03  1.0000000E+00  8.3377069E-05  1.4193137E-21
  3.7105352E+00  8.1087997E-01  8.9908938E-03  1.0000000E+00  8.0836171E-05  1.4545294E-21
  3.7341172E+00  8.1332343E-01  8.8534026E-03  1.0000000E+00  7.8382738E-05  1.4905110E-21
  3.7577180E+00  8.1576689E-01  8.7185692E-03  1.0000000E+00  7.6013448E-05  1.5272730E-21
  3.7813372E+00  8.1821035E-01  8.5863334E-03  1.0000000E+00  7.3725122E-05  1.5648297E-21
  3.8049745E+00  8.2065381E-01  8.4566368E-03  1.0000000E+00  7.1514706E-05  1.6031960E-21
  3.8286295E+00  8.2309728E-01  8.3294223E-03  1.0000000E+00  6.9379276E-05  1.6423867E-21
  3.8523020E+00  8.2554074E-01  8.2046343E-03  1.0000000E+00  6.7316024E-05  1.6824170E-21
  3.8759914E+00  8.2798420E-01  8.0822186E-03  1.0000000E+00  6.5322258E-05  1.7233023E-21
  3.8996976E+00  8.3042766E-01  7.9621226E-03  1.0000000E+00  6.3395396E-05  1.7650583E-21
  3.9234201E+00  8.3287112E-01  7.8442946E-03  1.0000000E+00  6.1532958E-05  1.8077008E-21
  3.9471586E+00  8.3531458E-01  7.7286847E-03  1.0000000E+00  5.9732567E-05  1.8512458E-21
  3.9709128E+00  8.3775804E-01  7.6152439E-03  1.0000000E+00  5.7991939E-05  1.8957098E-21
  3.9946823E+00  8.4020150E-01  7.5039246E-03  1.0000000E+00  5.6308884E-05  1.9411093E-21
  4.0184667E+00  8.4264496E-01  7.3946803E-03  1.0000000E+00  5.4681296E-05  1.9874610E-21
  4.0422658E+00  8.4508842E-01  7.2874657E-03  1.0000000E+00  5.3107157E-05  2.0347821E-21
  4.0660792E+00  8.4753188E-01  7.1822368E-03  1.0000000E+00  5.1584526E-05  2.0830899E-21
  4.0899065E+00  8.4997535E-01  7.0789504E-03  1.0000000E+00  5.0111539E-05  2.1324019E-21
  4.1137474E+00  8.5241881E-01  6.9775645E-03  1.0000000E+00  4.8686407E-05  2.1827359E-21
  4.1376016E+00  8.5486227E-01  6.8780382E-03  1.0000000E+00  4.7307410E-05  2.2341099E-21
  4.1614688E+00  8.5730573E-01  6.7803316E-03  1.0000000E+00  4.5972897E-05  2.2865423E-21
  4.1853485E+00  8.5974919E-01  6.6844056E-03  1.0000000E+00  4.4681279E-05  2.3400517E-21
  4.2092405E+00  8.6219265E-01  6.5902223E-03  1.0000000E+00  4.3431030E-05  2.3946568E-21
  4.2331444E+00  8.6463611E-01  6.4977445E-03  1.0000000E+00  4.2220684E-05  2.4503768E-21
  4.2570599E+00  8.6707957E-01  6.4069362E-03  1.0000000E+00  4.1048831E-05  2.5072309E-21
  4.2809867E+00  8.6952303E-01  6.3177619E-03  1.0000000E+00  3.9914116E-05  2.5652389E-21
  4.3049244E+00  8.7196649E-01  6.2301873E-03  1.0000000E+00  3.8815233E-05  2.6244206E-21
  4.3288727E+00  8.7440996E-01  6.1441786E-03  1.0000000E+00  3.7750931E-05  2.6847961E-21
  4.3528313E+00  8.7685342E-01  6.0597032E-03  1.0000000E+00  3.6720003E-05  2.7463860E-21
  4.3767998E+00  8.7929688E-01  5.9767290E-03  1.0000000E+00  3.5721289E-05  2.8092108E-21
  4.4007779E+00  8.8174034E-01  5.8952247E-03  1.0000000E+00  3.4753674E-05  2.8732916E-21
  4.4247653E+00  8.8418380E-01  5.8151597E-03  1.0000000E+00  3.3816083E-05  2.9386497E-21
  4.4487616E+00  8.8662726E-01  5.7365045E-03  1.0000000E+00  3.2907483E-05  3.0053066E-21
  4.4727666E+00  8.8907072E-01  5.6592297E-03  1.0000000E+00  3.2026881E-05  3.0732840E-21
  4.4967799E+00  8.9151418E-01  5.5833071E-03  1.0000000E+00  3.1173318E-05  3.1426042E-21
  4.5208012E+00  8.9395764E-01  5.5087089E-03  1.0000000E+00  3.0345874E-05  3.2132894E-21
  4.5448302E+00  8.9640110E-01  5.4354081E-03  1.0000000E+00  2.9543661E-05  3.2853625E-21
  4.5688664E+00  8.9884456E-01  5.3633782E-03  1.0000000E+00  2.8765825E-05  3.3588463E-21
  4.5929098E+00  9.0128803E-01  5.2925933E-03  1.0000000E+00  2.8011544E-05  3.4337641E-21
  4.6169598E+00  9.0373149E-01  5.2230283E-03  1.0000000E+00  2.7280025E-05  3.5101395E-21
  4.6410162E+00  9.0617495E-01  5.1546586E-03  1.0000000E+00  2.6570505E-05  3.5879963E-21
  4.6650787E+00  9.0861841E-01  5.0874600E-03  1.0000000E+00  2.5882249E-05  3.6673586E-21
  4.6891469E+00  9.1106187E-01  5.0214091E-03  1.0000000E+00  2.5214549E-05  3.7482510E-21
  4.7132206E+00  9.1350533E-01  4.9564828E-03  1.0000000E+00  2.4566722E-05  3.8306981E-21
  4.7372994E+00  9.1594879E-01  4.8926588E-03  1.0000000E+00  2.3938110E-05  3.9147250E-21
  4.7613831E+00  9.1839225E-01  4.8299152E-03  1.0000000E+00  2.3328081E-05  4.0003570E-21
  4.7854713E+00  9.2083571E-01  4.7682304E-03  1.0000000E+00  2.2736021E-05  4.0876198E-21
  4.8095636E+00  9.2327917E-01  4.7075836E-03  1.0000000E+00  2.2161344E-05  4.1765392E-21
  4.8336599E+00  9.2572264E-01  4.6479543E-03  1.0000000E+00  2.1603480E-05  4.2671417E-21
  4.8577598E+00  9.2816610E-01  4.5893226E-03  1.0000000E+00  2.1061882E-05  4.3594536E-21
  4.8818629E+00  9.3060956E-01  4.5316688E-03  1.0000000E+00  2.0536022E-05  4.4535019E-21
  4.9059691E+00  9.3305302E-01  4.4749738E-03  1.0000000E+00  2.0025391E-05  4.5493138E-21
  4.9300779E+00  9.3549648E-01  4.4192190E-03  1.0000000E+00  1.9529497E-05  4.6469166E-21
  4.9541891E+00  9.3793994E-01  4.3643862E-03  1.0000000E+00  1.9047867E-05  4.7463382E-21
  4.9783024E+00  9.4038340E-01  4.3104574E-03  1.0000000E+00  1.8580043E-05  4.8476068E-21
  5.0024175E+00  9.4282686E-01  4.2574152E-03  1.0000000E+00  1.8125585E-05  4.9507505E-21
  5.0265340E+00  9.4527032E-01  4.2052426E-03  1.0000000E+00  1.7684066E-05  5.0557983E-21
  5.0506518E+00  9.4771378E-01  4.1539229E-03  1.0000000E+00  1.7255076E-05  5.1627790E-21
  5.0747705E+00  9.5015724E-01  4.1034397E-03  1.0000000E+00  1.6838218E-05  5.2717221E-21
  5.0988898E+00  9.5260071E-01  4.0537771E-03  1.0000000E+00  1.6433109E-05  5.3826570E-21
  5.1230094E+00  9.5504417E-01  4.0049195E-03  1.0000000E+00  1.6039381E-05  5.4956139E-21
  5.1471290E+00  9.5748763E-01  3.9568517E-03  1.0000000E+00  1.5656675E-05  5.6106228E-21
  5.1712484E+00  9.5993109E-01  3.9095586E-03  1.0000000E+00  1.5284648E-05  5.7277144E-21
  5.1953672E+00  9.6237455E-01  3.8630257E-03  1.0000000E+00  1.4922967E-05  5.8469195E-21
  5.2194853E+00  9.6481801E-01  3.8172387E-03  1.0000000E+00  1.4571311E-05  5.9682692E-21
  5.2436022E+00  9.6726147E-01  3.7721836E-03  1.0000000E+00  1.4229369E-05  6.0917951E-21
  5.2677177E+00  9.6970493E-01  3.7278467E-03  1.0000000E+00  1.3896841E-05  6.2175289E-21
  5.2918315E+00  9.7214839E-01  3.6842147E-03  1.0000000E+00  1.3573438E-05  6.3455026E-21
  5.3159434E+00  9.7459185E-01  3.6412745E-03  1.0000000E+00  1.3258880E-05  6.4757486E-21
  5.3400531E+00  9.7703532E-01  3.5990132E-03  1.0000000E+00  1.2952896E-05  6.6082996E-21
  5.3641603E+00  9.7947878E-01  3.5574183E-03  1.0000000E+00  1.2655225E-05  6.7431885E-21
  5.3882647E+00  9.8192224E-01  3.5164776E-03  1.0000000E+00  1.2365615E-05  6.8804486E-21
  5.4123661E+00  9.8436570E-01  3.4761790E-03  1.0000000E+00  1.2083821E-05  7.0201134E-21
  5.4364641E+00  9.8680916E-01  3.4365108E-03  1.0000000E+00  1.1809607E-05  7.1622167E-21
  5.4605586E+00  9.8925262E-01  3.3974615E-03  1.0000000E+00  1.1542745E-05  7.3067926E-21
  5.4846492E+00  9.9169608E-01  3.3590198E-03  1.0000000E+00  1.1283014E-05  7.4538756E-21
  5.5087357E+00  9.9413954E-01  3.3211747E-03  1.0000000E+00  1.1030201E-05  7.6035004E-21
  5.5328178E+00  9.9658300E-01  3.2839154E-03  1.0000000E+00  1.0784100E-05  7.7557017E-21
  5.5568953E+00  9.9902646E-01  3.2472313E-03  1.0000000E+00  1.0544511E-05  7.9105150E-21
  5.5809679E+00  1.0014699E+00  3.2111121E-03  1.0000000E+00  1.0311241E-05  8.0679756E-21
  5.6050353E+00  1.0039134E+00  3.1755476E-03  1.0000000E+00  1.0084103E-05  8.2281193E-21
  5.6290973E+00  1.0063568E+00  3.1405280E-03  1.0000000E+00  9.8629162E-06  8.3909821E-21
  5.6531537E+00  1.0088003E+00  3.1060435E-03  1.0000000E+00  9.6475064E-06  8.5566004E-21
  5.6772041E+00  1.0112438E+00  3.0720846E-03  1.0000000E+00  9.4377041E-06  8.7250105E-21
  5.7012483E+00  1.0136872E+00  3.0386421E-03  1.0000000E+00  9.2333456E-06  8.8962493E-21
  5.7252862E+00  1.0161307E+00  3.0057067E-03  1.0000000E+00  9.0342725E-06  9.0703537E-21
  5.7493173E+00  1.0185742E+00  2.9732695E-03  1.0000000E+00  8.8403314E-06  9.2473611E-21
  5.7733416E+00  1.0210176E+00  2.9413218E-03  1.0000000E+00  8.6513739E-06  9.4273087E-21
  5.7973587E+00  1.0234611E+00  2.9098550E-03  1.0000000E+00  8.4672562E-06  9.6102344E-21
  5.8213684E+00  1.0259045E+00  2.8788607E-03  1.0000000E+00  8.2878391E-06  9.7961760E-21
  5.8453704E+00  1.0283480E+00  2.8483307E-03  1.0000000E+00  8.1129880E-06  9.9851716E-21
  5.8693646E+00  1.0307915E+00  2.8182570E-03  1.0000000E+00  7.9425724E-06  1.0177259E-20
  5.8933507E+00  1.0332349E+00  2.7886315E-03  1.0000000E+00  7.7764658E-06  1.0372478E-20
  5.9173284E+00  1.0356784E+00  2.7594467E-03  1.0000000E+00  7.6145459E-06  1.0570866E-20
  5.9412975E+00  1.0381218E+00  2.7306948E-03  1.0000000E+00  7.4566941E-06  1.0772463E-20
  5.9652579E+00  1.0405653E+00  2.7023685E-03  1.0000000E+00  7.3027955E-06  1.0977306E-20
  5.9892092E+00  1.0430088E+00  2.6744605E-03  1.0000000E+00  7.1527390E-06  1.1185436E-20
  6.0131512E+00  1.0454522E+00  2.6469637E-03  1.0000000E+00  7.0064166E-06  1.1396892E-20
  6.0370837E+00  1.0478957E+00  2.6198710E-03  1.0000000E+00  6.8637239E-06  1.1611713E-20
  6.0610066E+00  1.0503391E+00  2.5931756E-03  1.0000000E+00  6.7245597E-06  1.1829939E-20
  6.0849195E+00  1.0527826E+00  2.5668708E-03  1.0000000E+00  6.5888258E-06  1.2051609E-20
  6.1088223E+00  1.0552261E+00  2.5409500E-03  1.0000000E+00  6.4564271E-06  1.2276764E-20
  6.1327147E+00  1.0576695E+00  2.5154068E-03  1.0000000E+00  6.3272714E-06  1.2505443E-20
  6.1565965E+00  1.0601130E+00  2.4902348E-03  1.0000000E+00  6.2012694E-06  1.2737686E-20
  6.1804675E+00  1.0625564E+00  2.4654278E-03  1.0000000E+00  6.0783344E-06  1.2973532E-20
  6.2043276E+00  1.0649999E+00  2.4409798E-03  1.0000000E+00  5.9583824E-06  1.3213024E-20
  6.2281764E+00  1.0674434E+00  2.4168848E-03  1.0000000E+00  5.8413319E-06  1.3456199E-20
  6.2520138E+00  1.0698868E+00  2.3931369E-03  1.0000000E+00  5.7271040E-06  1.3703099E-20
  6.2758396E+00  1.0723303E+00  2.3697303E-03  1.0000000E+00  5.6156219E-06  1.3953764E-20
  6.2996536E+00  1.0747738E+00  2.3466596E-03  1.0000000E+00  5.5068114E-06  1.4208234E-20
  6.3234556E+00  1.0772172E+00  2.3239192E-03  1.0000000E+00  5.4006004E-06  1.4466548E-20
  6.3472454E+00  1.0796607E+00  2.3015036E-03  1.0000000E+00  5.2969190E-06  1.4728748E-20
  6.3710228E+00  1.0821041E+00  2.2794076E-03  1.0000000E+00  5.1956992E-06  1.4994873E-20
  6.3947875E+00  1.0845476E+00  2.2576260E-03  1.0000000E+00  5.0968753E-06  1.5264963E-20
  6.4185395E+00  1.0869911E+00  2.2361537E-03  1.0000000E+00  5.0003834E-06  1.5539058E-20
  6.4422785E+00  1.0894345E+00  2.2149857E-03  1.0000000E+00  4.9061615E-06  1.5817198E-20
  6.4660044E+00  1.0918780E+00  2.1941170E-03  1.0000000E+00  4.8141494E-06  1.6099422E-20
  6.4897169E+00  1.0943214E+00  2.1735429E-03  1.0000000E+00  4.7242888E-06  1.6385771E-20
  6.5134159E+00  1.0967649E+00  2.1532587E-03  1.0000000E+00  4.6365229E-06  1.6676283E-20
  6.5371011E+00  1.0992084E+00  2.1332597E-03  1.0000000E+00  4.5507968E-06  1.6970998E-20
  6.5607725E+00  1.1016518E+00  2.1135413E-03  1.0000000E+00  4.4670570E-06  1.7269955E-20
  6.5844299E+00  1.1040953E+00  2.0940993E-03  1.0000000E+00  4.3852517E-06  1.7573193E-20
  6.6080730E+00  1.1065387E+00  2.0749290E-03  1.0000000E+00  4.3053305E-06  1.7880749E-20
  6.6317017E+00  1.1089822E+00  2.0560264E-03  1.0000000E+00  4.2272445E-06  1.8192663E-20
  6.6553159E+00  1.1114257E+00  2.0373871E-03  1.0000000E+00  4.1509463E-06  1.8508973E-20
  6.6789154E+00  1.1138691E+00  2.0190071E-03  1.0000000E+00  4.0763896E-06  1.8829715E-20
  6.7024999E+00  1.1163126E+00  2.0008823E-03  1.0000000E+00  4.0035298E-06  1.9154928E-20
  6.7260694E+00  1.1187561E+00  1.9830086E-03  1.0000000E+00  3.9323233E-06  1.9484649E-20
  6.7496237E+00  1.1211995E+00  1.9653824E-03  1.0000000E+00  3.8627278E-06  1.9818913E-20
  6.7731627E+00  1.1236430E+00  1.9479996E-03  1.0000000E+00  3.7947023E-06  2.0157758E-20
  6.7966861E+00  1.1260864E+00  1.9308565E-03  1.0000000E+00  3.7282068E-06  2.0501218E-20
  6.8201939E+00  1.1285299E+00  1.9139495E-03  1.0000000E+00  3.6632027E-06  2.0849330E-20
  6.8436858E+00  1.1309734E+00  1.8972749E-03  1.0000000E+00  3.5996522E-06  2.1202128E-20
  6.8671618E+00  1.1334168E+00  1.8808293E-03  1.0000000E+00  3.5375188E-06  2.1559647E-20
  6.8906217E+00  1.1358603E+00  1.8646090E-03  1.0000000E+00  3.4767667E-06  2.1921919E-20
  6.9140654E+00  1.1383037E+00  1.8486107E-03  1.0000000E+00  3.4173616E-06  2.2288979E-20
  6.9374927E+00  1.1407472E+00  1.8328311E-03  1.0000000E+00  3.3592697E-06  2.2660858E-20
  6.9609035E+00  1.1431907E+00  1.8172667E-03  1.0000000E+00  3.3024584E-06  2.3037589E-20
  6.9842976E+00  1.1456341E+00  1.8019145E-03  1.0000000E+00  3.2468958E-06  2.3419202E-20
  7.0076750E+00  1.1480776E+00  1.7867712E-03  1.0000000E+00  3.1925512E-06  2.3805729E-20
  7.0310354E+00  1.1505210E+00  1.7718337E-03  1.0000000E+00  3.1393945E-06  2.4197199E-20
  7.0543789E+00  1.1529645E+00  1.7570989E-03  1.0000000E+00  3.0873965E-06  2.4593640E-20
  7.0777051E+00  1.1554080E+00  1.7425638E-03  1.0000000E+00  3.0365287E-06  2.4995082E-20
  7.1010142E+00  1.1578514E+00  1.7282256E-03  1.0000000E+00  2.9867637E-06  2.5401551E-20
  7.1243058E+00  1.1602949E+00  1.7140812E-03  1.0000000E+00  2.9380744E-06  2.5813074E-20
  7.1475799E+00  1.1627383E+00  1.7001279E-03  1.0000000E+00  2.8904348E-06  2.6229676E-20
  7.1708364E+00  1.1651818E+00  1.6863628E-03  1.0000000E+00  2.8438195E-06  2.6651382E-20
  7.1940752E+00  1.1676253E+00  1.6727832E-03  1.0000000E+00  2.7982037E-06  2.7078216E-20
  7.2172962E+00  1.1700687E+00  1.6593865E-03  1.0000000E+00  2.7535634E-06  2.7510199E-20
  7.2404992E+00  1.1725122E+00  1.6461699E-03  1.0000000E+00  2.7098752E-06  2.7947354E-20
  7.2636842E+00  1.1749557E+00  1.6331308E-03  1.0000000E+00  2.6671163E-06  2.8389701E-20
  7.2868511E+00  1.1773991E+00  1.6202668E-03  1.0000000E+00  2.6252646E-06  2.8837259E-20
  7.3099998E+00  1.1798426E+00  1.6075753E-03  1.0000000E+00  2.5842985E-06  2.9290046E-20
  7.3331301E+00  1.1822860E+00  1.5950539E-03  1.0000000E+00  2.5441969E-06  2.9748078E-20
  7.3562420E+00  1.1847295E+00  1.5827001E-03  1.0000000E+00  2.5049396E-06  3.0211373E-20
  7.3793354E+00  1.1871730E+00  1.5705116E-03  1.0000000E+00  2.4665066E-06  3.0679942E-20
  7.4024102E+00  1.1896164E+00  1.5584860E-03  1.0000000E+00  2.4288785E-06  3.1153800E-20
  7.4254664E+00  1.1920599E+00  1.5466210E-03  1.0000000E+00  2.3920366E-06  3.1632958E-20
  7.4485038E+00  1.1945033E+00  1.5349145E-03  1.0000000E+00  2.3559624E-06  3.2117426E-20
  7.4715224E+00  1.1969468E+00  1.5233641E-03  1.0000000E+00  2.3206381E-06  3.2607213E-20
  7.4945221E+00  1.1993903E+00  1.5119677E-03  1.0000000E+00  2.2860464E-06  3.3102324E-20
  7.5175028E+00  1.2018337E+00  1.5007233E-03  1.0000000E+00  2.2521703E-06  3.3602767E-20
  7.5404644E+00  1.2042772E+00  1.4896286E-03  1.0000000E+00  2.2189933E-06  3.4108544E-20
  7.5634070E+00  1.2067206E+00  1.4786816E-03  1.0000000E+00  2.1864994E-06  3.4619659E-20
  7.5863304E+00  1.2091641E+00  1.4678804E-03  1.0000000E+00  2.1546729E-06  3.5136110E-20
  7.6092346E+00  1.2116076E+00  1.4572229E-03  1.0000000E+00  2.1234987E-06  3.5657898E-20
  7.6321194E+00  1.2140510E+00  1.4467072E-03  1.0000000E+00  2.0929618E-06  3.6185018E-20
  7.6549850E+00  1.2164945E+00  1.4363314E-03  1.0000000E+00  2.0630478E-06  3.6717467E-20
  7.6778311E+00  1.2189379E+00  1.4260935E-03  1.0000000E+00  2.0337427E-06  3.7255236E-20
  7.7006578E+00  1.2213814E+00  1.4159918E-03  1.0000000E+00  2.0050327E-06  3.7798318E-20
  7.7234650E+00  1.2238249E+00  1.4060243E-03  1.0000000E+00  1.9769045E-06  3.8346701E-20
  7.7462527E+00  1.2262683E+00  1.3961895E-03  1.0000000E+00  1.9493450E-06  3.8900372E-20
  7.7690208E+00  1.2287118E+00  1.3864853E-03  1.0000000E+00  1.9223416E-06  3.9459318E-20
  7.7917693E+00  1.2311553E+00  1.3769103E-03  1.0000000E+00  1.8958820E-06  4.0023520E-20
  7.8144981E+00  1.2335987E+00  1.3674626E-03  1.0000000E+00  1.8699540E-06  4.0592959E-20
  7.8372073E+00  1.2360422E+00  1.3581406E-03  1.0000000E+00  1.8445459E-06  4.1167614E-20
  7.8598968E+00  1.2384856E+00  1.3489427E-03  1.0000000E+00  1.8196463E-06  4.1747462E-20
  7.8825665E+00  1.2409291E+00  1.3398672E-03  1.0000000E+00  1.7952441E-06  4.2332476E-20
  7.9052164E+00  1.2433726E+00  1.3309126E-03  1.0000000E+00  1.7713284E-06  4.2922627E-20
  7.9278466E+00  1.2458160E+00  1.3220773E-03  1.0000000E+00  1.7478885E-06  4.3517886E-20
  7.9504570E+00  1.2482595E+00  1.3133599E-03  1.0000000E+00  1.7249142E-06  4.4118218E-20
  7.9730475E+00  1.2507029E+00  1.3047587E-03  1.0000000E+00  1.7023953E-06  4.4723589E-20
  7.9956183E+00  1.2531464E+00  1.2962724E-03  1.0000000E+00  1.6803222E-06  4.5333959E-20
  8.0181692E+00  1.2555899E+00  1.2878995E-03  1.0000000E+00  1.6586851E-06  4.5949287E-20
  8.0407002E+00  1.2580333E+00  1.2796385E-03  1.0000000E+00  1.6374747E-06  4.6569531E-20
  8.0632115E+00  1.2604768E+00  1.2714881E-03  1.0000000E+00  1.6166821E-06  4.7194643E-20
  8.0857028E+00  1.2629202E+00  1.2634470E-03  1.0000000E+00  1.5962982E-06  4.7824576E-20
  8.1081744E+00  1.2653637E+00  1.2555136E-03  1.0000000E+00  1.5763145E-06  4.8459276E-20
  8.1306260E+00  1.2678072E+00  1.2476868E-03  1.0000000E+00  1.5567224E-06  4.9098690E-20
  8.1530579E+00  1.2702506E+00  1.2399652E-03  1.0000000E+00  1.5375138E-06  4.9742761E-20
  8.1754699E+00  1.2726941E+00  1.2323476E-03  1.0000000E+00  1.5186806E-06  5.0391427E-20
  8.1978622E+00  1.2751376E+00  1.2248327E-03  1.0000000E+00  1.5002151E-06  5.1044626E-20
  8.2202346E+00  1.2775810E+00  1.2174192E-03  1.0000000E+00  1.4821095E-06  5.1702291E-20
  8.2425873E+00  1.2800245E+00  1.2101060E-03  1.0000000E+00  1.4643564E-06  5.2364354E-20
  8.2649202E+00  1.2824679E+00  1.2028918E-03  1.0000000E+00  1.4469486E-06  5.3030742E-20
  8.2872334E+00  1.2849114E+00  1.1957754E-03  1.0000000E+00  1.4298789E-06  5.3701379E-20
  8.3095269E+00  1.2873549E+00  1.1887558E-03  1.0000000E+00  1.4131405E-06  5.4376188E-20
  8.3318007E+00  1.2897983E+00  1.1818318E-03  1.0000000E+00  1.3967265E-06  5.5055086E-20
  8.3540549E+00  1.2922418E+00  1.1750023E-03  1.0000000E+00  1.3806305E-06  5.5737990E-20
  8.3762895E+00  1.2946852E+00  1.1682662E-03  1.0000000E+00  1.3648459E-06  5.6424811E-20
  8.3985046E+00  1.2971287E+00  1.1616224E-03  1.0000000E+00  1.3493665E-06  5.7115457E-20
  8.4207001E+00  1.2995722E+00  1.1550698E-03  1.0000000E+00  1.3341862E-06  5.7809835E-20
  8.4428762E+00  1.3020156E+00  1.1486074E-03  1.0000000E+00  1.3192990E-06  5.8507847E-20
  8.4650329E+00  1.3044591E+00  1.1422343E-03  1.0000000E+00  1.3046992E-06  5.9209392E-20
  8.4871702E+00  1.3069025E+00  1.1359493E-03  1.0000000E+00  1.2903809E-06  5.9914365E-20
  8.5092882E+00  1.3093460E+00  1.1297516E-03  1.0000000E+00  1.2763387E-06  6.0622659E-20
  8.5313869E+00  1.3117895E+00  1.1236401E-03  1.0000000E+00  1.2625671E-06  6.1334163E-20
  8.5534665E+00  1.3142329E+00  1.1176139E-03  1.0000000E+00  1.2490609E-06  6.2048763E-20
  8.5755269E+00  1.3166764E+00  1.1116721E-03  1.0000000E+00  1.2358149E-06  6.2766340E-20
  8.5975682E+00  1.3191198E+00  1.1058137E-03  1.0000000E+00  1.2228240E-06  6.3486775E-20
  8.6195906E+00  1.3215633E+00  1.1000379E-03  1.0000000E+00  1.2100834E-06  6.4209941E-20
  8.6415940E+00  1.3240068E+00  1.0943437E-03  1.0000000E+00  1.1975882E-06  6.4935712E-20
  8.6635785E+00  1.3264502E+00  1.0887304E-03  1.0000000E+00  1.1853338E-06  6.5663955E-20
  8.6855443E+00  1.3288937E+00  1.0831969E-03  1.0000000E+00  1.1733156E-06  6.6394537E-20
  8.7074914E+00  1.3313372E+00  1.0777426E-03  1.0000000E+00  1.1615291E-06  6.7127319E-20
  8.7294199E+00  1.3337806E+00  1.0723665E-03  1.0000000E+00  1.1499700E-06  6.7862160E-20
  8.7513298E+00  1.3362241E+00  1.0670679E-03  1.0000000E+00  1.1386340E-06  6.8598914E-20
  8.7732213E+00  1.3386675E+00  1.0618460E-03  1.0000000E+00  1.1275170E-06  6.9337434E-20
  8.7950944E+00  1.3411110E+00  1.0567000E-03  1.0000000E+00  1.1166149E-06  7.0077568E-20
  8.8169493E+00  1.3435545E+00  1.0516291E-03  1.0000000E+00  1.1059237E-06  7.0819162E-20
  8.8387860E+00  1.3459979E+00  1.0466325E-03  1.0000000E+00  1.0954396E-06  7.1562056E-20
  8.8606047E+00  1.3484414E+00  1.0417096E-03  1.0000000E+00  1.0851589E-06  7.2306089E-20
  8.8824054E+00  1.3508848E+00  1.0368596E-03  1.0000000E+00  1.0750778E-06  7.3051097E-20
  8.9041883E+00  1.3533283E+00  1.0320818E-03  1.0000000E+00  1.0651928E-06  7.3796911E-20
  8.9259534E+00  1.3557718E+00  1.0273754E-03  1.0000000E+00  1.0555003E-06  7.4543361E-20
  8.9477008E+00  1.3582152E+00  1.0227399E-03  1.0000000E+00  1.0459968E-06  7.5290271E-20
  8.9694307E+00  1.3606587E+00  1.0181744E-03  1.0000000E+00  1.0366792E-06  7.6037465E-20
  8.9911433E+00  1.3631021E+00  1.0136785E-03  1.0000000E+00  1.0275441E-06  7.6784762E-20
  9.0128385E+00  1.3655456E+00  1.0092513E-03  1.0000000E+00  1.0185882E-06  7.7531978E-20
  9.0345165E+00  1.3679891E+00  1.0048923E-03  1.0000000E+00  1.0098086E-06  7.8278927E-20
  9.0561775E+00  1.3704325E+00  1.0006009E-03  1.0000000E+00  1.0012021E-06  7.9025419E-20
  9.0778216E+00  1.3728760E+00  9.9637636E-04  1.0000000E+00  9.9276585E-07  7.9771261E-20
  9.0994489E+00  1.3753195E+00  9.9221815E-04  1.0000000E+00  9.8449686E-07  8.0516260E-20
  9.1210595E+00  1.3777629E+00  9.8812567E-04  1.0000000E+00  9.7639235E-07  8.1260216E-20
  9.1426536E+00  1.3802064E+00  9.8409834E-04  1.0000000E+00  9.6844954E-07  8.2002930E-20
  9.1642313E+00  1.3826498E+00  9.8013557E-04  1.0000000E+00  9.6066574E-07  8.2744198E-20
  9.1857927E+00  1.3850933E+00  9.7623682E-04  1.0000000E+00  9.5303834E-07  8.3483815E-20
  9.2073380E+00  1.3875368E+00  9.7240154E-04  1.0000000E+00  9.4556475E-07  8.4221572E-20
  9.2288673E+00  1.3899802E+00  9.6862917E-04  1.0000000E+00  9.3824247E-07  8.4957259E-20
  9.2503809E+00  1.3924237E+00  9.6491920E-04  1.0000000E+00  9.3106906E-07  8.5690663E-20
  9.2718787E+00  1.3948671E+00  9.6127111E-04  1.0000000E+00  9.2404214E-07  8.6421570E-20
  9.2933610E+00  1.3973106E+00  9.5768438E-04  1.0000000E+00  9.1715937E-07  8.7149763E-20
  9.3148279E+00  1.3997541E+00  9.5415852E-04  1.0000000E+00  9.1041847E-07  8.7875023E-20
  9.3362797E+00  1.4021975E+00  9.5069303E-04  1.0000000E+00  9.0381724E-07  8.8597128E-20
  9.3577163E+00  1.4046410E+00  9.4728745E-04  1.0000000E+00  8.9735351E-07  8.9315858E-20
  9.3791381E+00  1.4070844E+00  9.4394129E-04  1.0000000E+00  8.9102517E-07  9.0030986E-20
  9.4005451E+00  1.4095279E+00  9.4065411E-04  1.0000000E+00  8.8483015E-07  9.0742289E-20
  9.4219376E+00  1.4119714E+00  9.3742544E-04  1.0000000E+00  8.7876646E-07  9.1449538E-20
  9.4433156E+00  1.4144148E+00  9.3425485E-04  1.0000000E+00  8.7283212E-07  9.2152505E-20
  9.4646795E+00  1.4168583E+00  9.3114190E-04  1.0000000E+00  8.6702524E-07  9.2850961E-20
  9.4860292E+00  1.4193017E+00  9.2808617E-04  1.0000000E+00  8.6134394E-07  9.3544675E-20
  9.5073651E+00  1.4217452E+00  9.2508724E-04  1.0000000E+00  8.5578640E-07  9.4233415E-20
  9.5286873E+00  1.4241887E+00  9.2214471E-04  1.0000000E+00  8.5035086E-07  9.4916950E-20
  9.5499959E+00  1.4266321E+00  9.1925818E-04  1.0000000E+00  8.4503560E-07  9.5595045E-20
  9.5712912E+00  1.4290756E+00  9.1642725E-04  1.0000000E+00  8.3983891E-07  9.6267468E-20
  9.5925733E+00  1.4315191E+00  9.1365156E-04  1.0000000E+00  8.3475917E-07  9.6933985E-20
  9.6138425E+00  1.4339625E+00  9.1093072E-04  1.0000000E+00  8.2979478E-07  9.7594362E-20
  9.6350988E+00  1.4364060E+00  9.0826437E-04  1.0000000E+00  8.2494417E-07  9.8248364E-20
  9.6563425E+00  1.4388494E+00  9.0565216E-04  1.0000000E+00  8.2020583E-07  9.8895757E-20
  9.6775739E+00  1.4412929E+00  9.0309373E-04  1.0000000E+00  8.1557828E-07  9.9536308E-20
  9.6987930E+00  1.4437364E+00  9.0058875E-04  1.0000000E+00  8.1106009E-07  1.0016978E-19
  9.7200001E+00  1.4461798E+00  8.9813688E-04  1.0000000E+00  8.0664985E-07  1.0079595E-19
  9.7411953E+00  1.4486233E+00  8.9573780E-04  1.0000000E+00  8.0234620E-07  1.0141457E-19
  9.7623789E+00  1.4510667E+00  8.9339118E-04  1.0000000E+00  7.9814781E-07  1.0202543E-19
  9.7835511E+00  1.4535102E+00  8.9109673E-04  1.0000000E+00  7.9405339E-07  1.0262827E-19
  9.8047121E+00  1.4559537E+00  8.8885414E-04  1.0000000E+00  7.9006168E-07  1.0322289E-19
  9.8258620E+00  1.4583971E+00  8.8666311E-04  1.0000000E+00  7.8617147E-07  1.0380905E-19
  9.8470012E+00  1.4608406E+00  8.8452336E-04  1.0000000E+00  7.8238157E-07  1.0438652E-19
  9.8681297E+00  1.4632840E+00  8.8243460E-04  1.0000000E+00  7.7869083E-07  1.0495507E-19
  9.8892478E+00  1.4657275E+00  8.8039657E-04  1.0000000E+00  7.7509811E-07  1.0551450E-19
  9.9103557E+00  1.4681710E+00  8.7840899E-04  1.0000000E+00  7.7160235E-07  1.0606457E-19
  9.9314537E+00  1.4706144E+00  8.7647161E-04  1.0000000E+00  7.6820248E-07  1.0660506E-19
  9.9525419E+00  1.4730579E+00  8.7458417E-04  1.0000000E+00  7.6489747E-07  1.0713577E-19
  9.9736206E+00  1.4755013E+00  8.7274644E-04  1.0000000E+00  7.6168634E-07  1.0765647E-19
  9.9946899E+00  1.4779448E+00  8.7095817E-04  1.0000000E+00  7.5856813E-07  1.0816695E-19
  1.0015750E+01  1.4803883E+00  8.6921912E-04  1.0000000E+00  7.5554189E-07  1.0866701E-19
  1.0036802E+01  1.4828317E+00  8.6752909E-04  1.0000000E+00  7.5260672E-07  1.0915644E-19
  1.0057844E+01  1.4852752E+00  8.6588784E-04  1.0000000E+00  7.4976176E-07  1.0963504E-19
  1.0078878E+01  1.4877187E+00  8.6429517E-04  1.0000000E+00  7.4700615E-07  1.1010261E-19
  1.0099905E+01  1.4901621E+00  8.6275088E-04  1.0000000E+00  7.4433907E-07  1.1055895E-19
  1.0120923E+01  1.4926056E+00  8.6125475E-04  1.0000000E+00  7.4175975E-07  1.1100388E-19
  1.0141933E+01  1.4950490E+00  8.5980661E-04  1.0000000E+00  7.3926741E-07  1.1143720E-19
  1.0162936E+01  1.4974925E+00  8.5840626E-04  1.0000000E+00  7.3686131E-07  1.1185872E-19
  1.0183931E+01  1.4999360E+00  8.5705354E-04  1.0000000E+00  7.3454076E-07  1.1226828E-19
  1.0204920E+01  1.5023794E+00  8.5574825E-04  1.0000000E+00  7.3230507E-07  1.1266570E-19
  1.0225901E+01  1.5048229E+00  8.5449024E-04  1.0000000E+00  7.3015358E-07  1.1305079E-19
  1.0246876E+01  1.5072663E+00  8.5327936E-04  1.0000000E+00  7.2808566E-07  1.1342341E-19
  1.0267845E+01  1.5097098E+00  8.5211543E-04  1.0000000E+00  7.2610071E-07  1.1378337E-19
  1.0288807E+01  1.5121533E+00  8.5099832E-04  1.0000000E+00  7.2419814E-07  1.1413054E-19
  1.0309764E+01  1.5145967E+00  8.4992788E-04  1.0000000E+00  7.2237741E-07  1.1446475E-19
  1.0330715E+01  1.5170402E+00  8.4890398E-04  1.0000000E+00  7.2063797E-07  1.1478586E-19
  1.0351660E+01  1.5194836E+00  8.4792649E-04  1.0000000E+00  7.1897934E-07  1.1509372E-19
  1.0372601E+01  1.5219271E+00  8.4699529E-04  1.0000000E+00  7.1740101E-07  1.1538821E-19
  1.0393536E+01  1.5243706E+00  8.4611024E-04  1.0000000E+00  7.1590255E-07  1.1566918E-19
  1.0414467E+01  1.5268140E+00  8.4527126E-04  1.0000000E+00  7.1448350E-07  1.1593652E-19
  1.0435393E+01  1.5292575E+00  8.4447822E-04  1.0000000E+00  7.1314346E-07  1.1619010E-19
  1.0456315E+01  1.5317010E+00  8.4373103E-04  1.0000000E+00  7.1188205E-07  1.1642981E-19
  1.0477233E+01  1.5341444E+00  8.4302959E-04  1.0000000E+00  7.1069889E-07  1.1665554E-19
  1.0498148E+01  1.5365879E+00  8.4237382E-04  1.0000000E+00  7.0959366E-07  1.1686720E-19
  1.0519059E+01  1.5390313E+00  8.4176364E-04  1.0000000E+00  7.0856602E-07  1.1706468E-19
  1.0539966E+01  1.5414748E+00  8.4119895E-04  1.0000000E+00  7.0761568E-07  1.1724789E-19
  1.0560871E+01  1.5439183E+00  8.4067971E-04  1.0000000E+00  7.0674237E-07  1.1741676E-19
  1.0581773E+01  1.5463617E+00  8.4020583E-04  1.0000000E+00  7.0594584E-07  1.1757120E-19
  1.0602673E+01  1.5488052E+00  8.3977727E-04  1.0000000E+00  7.0522586E-07  1.1771115E-19
  1.0623570E+01  1.5512486E+00  8.3939396E-04  1.0000000E+00  7.0458221E-07  1.1783654E-19
  1.0644465E+01  1.5536921E+00  8.3905586E-04  1.0000000E+00  7.0401473E-07  1.1794731E-19
  1.0665359E+01  1.5561356E+00  8.3876292E-04  1.0000000E+00  7.0352324E-07  1.1804342E-19
  1.0686251E+01  1.5585790E+00  8.3851511E-04  1.0000000E+00  7.0310760E-07  1.1812481E-19
  1.0707142E+01  1.5610225E+00  8.3831241E-04  1.0000000E+00  7.0276769E-07  1.1819146E-19
  1.0728031E+01  1.5634659E+00  8.3815477E-04  1.0000000E+00  7.0250342E-07  1.1824333E-19
  1.0748920E+01  1.5659094E+00  8.3804219E-04  1.0000000E+00  7.0231471E-07  1.1828039E-19
  1.0769809E+01  1.5683529E+00  8.3797464E-04  1.0000000E+00  7.0220150E-07  1.1830264E-19
  1.0790697E+01  1.5707963E+00  8.3795213E-04  1.0000000E+00  7.0216377E-07  1.1831006E-19

